speculation              1 rounds of 4, drafts accepted 0 of 0 (0.000), 1.00 tokens per round
suffix drafts            0 windows, drafts accepted 0 of 0
accepted per round       0:1 1:0 2:0 3:0
verify window            wait for rings 43.582  pool 256.749  host 5.624  commit 0.001 ms/round; CPU experts 7.69 distinct / 7.69 routed per layer
pool multi               gate/up 21.156  quantize 0.496  down 11.235 ms/round; 15.7 GB/s over the rows phases; CPU pool call 251.024 ms/round
dispatch                 plan 0.230  activation quantize 0.635  jobs 215.410  run 32.958 ms/round
adaptive tier            0 experts swapped into the VRAM tier (every 4 rounds, 0.000 ms/round)
expert tiers             decode: RAM 0 blobs, files 0 blobs, 510.1 MB read from the files (510.11 MB/round, 286.4 ms/round of reading, 1.78 GB/s per reading thread) (the GGUF in place); prompt copies 11812.6 MB
routing prefetch         369 experts warmed, 270 of the file tier's 0 blob reads had been warmed (0.0%); predictor 107.3 ms/round on its thread, 0 layers skipped (still busy)
pcie experts             0.00 distinct experts per layer read over PCIe (share 141/256 of the misses)
prompt  : 248045 846 198 1905 25 2438 2438 2438 2438 2438 2438 2438 2438 2438 2438 2438 2438 2438 2438 2438 2438 2438 2438 2438 2438 2438 2438 2438 2438 2438 2438 2438 2438 2438 2438 2438 2438 2438 2438 2438 2438 2438 2438 2438 2438 2438 2438 2438 2438 2438 2438 2438 2438 2438 2438 2438 2438 2438 2438 2438 2438 2438 2438 2438 2438 2438 2438 2438 2438 2438 2438 2438 2438 2438 2438 2438 2438 2438 2438 2438 2438 2438 2438 2438 2438 2438 2438 2438 2438 2438 2438 2438 2438 2438 2438 2438 2438 2438 2438 2438 2438 2438 2438 2438 2438 2438 2438 2438 2438 2438 2438 2438 2438 2438 2438 2438 2438 2438 2438 2438 2438 2438 2438 2438 2438 2438 2438 2438 2438 2438 2438 2438 2438 2438 2438 2438 2438 2438 2438 2438 2438 2438 2438 2438 2438 2438 2438 2438 2438 2438 2438 2438 2438 2438 2438 2438 2438 2438 2438 2438 2438 2438 2438 2438 2438 2438 2438 2438 2438 2438 2438 2438 2438 2438 2438 2438 2438 2438 2438 2438 2438 2438 2438 2438 2438 2438 2438 2438 2438 2438 2438 2438 2438 2438 2438 2438 2438 2438 2438 2438 2438 2438 2438 2438 2438 2438 2438 2438 2438 2438 2438 2438 2438 2438 2438 2438 2438 2438 2438 2438 2438 2438 2438 2438 2438 2438 2438 2438 2438 2438 2438 2438 2438 2438 2438 2438 2438 2438 2438 2438 2438 2438 2438 2438 2438 2438 2438 2438 2438 2438 2438 2438 2438 2438 2438 2438 2438 2438 2438 2438 2438 2438 2438 2438 2438 2438 2438 2438 2438 2438 2438 2438 2438 2438 2438 2438 2438 2438 2438 2438 2438 2438 2438 2438 2438 2438 2438 2438 2438 2438 2438 2438 2438 2438 2438 2438 2438 2438 2438 2438 2438 2438 2438 2438 2438 2438 2438 2438 2438 2438 2438 2438 2438 2438 2438 2438 2438 2438 2438 2438 2438 2438 2438 2438 2438 2438 2438 2438 2438 2438 2438 2438 2438 2438 2438 2438 2438 2438 2438 2438 2438 2438 2438 2438 2438 2438 2438 2438 2438 2438 2438 2438 2438 2438 2438 2438 2438 2438 2438 2438 2438 2438 2438 2438 2438 2438 2438 2438 2438 2438 2438 2438 2438 2438 2438 2438 2438 2438 2438 2438 2438 2438 2438 2438 2438 2438 2438 2438 2438 2438 2438 2438 2438 2438 2438 2438 2438 2438 2438 2438 2438 2438 2438 2438 2438 2438 2438 2438 2438 2438 2438 2438 2438 2438 2438 2438 2438 2438 2438 2438 2438 2438 2438 2438 2438 2438 2438 2438 2438 2438 2438 2438 2438 2438 2438 2438 2438 2438 2438 2438 2438 2438 2438 2438 2438 2438 2438 2438 2438 2438 2438 2438 2438 2438 2438 2438 2438 2438 2438 2438 2438 2438 2438 2438 2438 2438 2438 2438 2438 2438 2438 2438 2438 2438 2438 2438 2438 2438 2438 2438 2438 2438 695 7734 506 3140 220 17 15 15 4105 24228 1204 264 6165 11036 1928 13 4980 440 279 17128 13 248046 198 248045 74455 198 248068 271 248069 271
output  : 32
decode                   1 tokens in 428.9 ms  ->  2.33 tok/s
prefill                  511 tokens in 14195.3 ms  ->  36.00 tok/s  (time to first token 16413.6 ms)
