speculation              1 rounds of 4, drafts accepted 0 of 0 (0.000), 1.00 tokens per round
suffix drafts            0 windows, drafts accepted 0 of 0
accepted per round       0:1 1:0 2:0 3:0
verify window            wait for rings 38.739  pool 359.463  host 0.155  commit 0.001 ms/round; CPU experts 7.69 distinct / 7.69 routed per layer
pool multi               gate/up 20.660  quantize 0.503  down 9.872 ms/round; 16.7 GB/s over the rows phases; CPU pool call 359.341 ms/round
dispatch                 plan 0.244  activation quantize 6.332  jobs 315.211  run 31.108 ms/round
adaptive tier            0 experts swapped into the VRAM tier (every 4 rounds, 0.000 ms/round)
expert tiers             decode: RAM 0 blobs, files 0 blobs, 510.1 MB read from the files (510.11 MB/round, 294.4 ms/round of reading, 1.73 GB/s per reading thread) (the GGUF in place); prompt copies 11812.6 MB
routing prefetch         369 experts warmed, 270 of the file tier's 0 blob reads had been warmed (0.0%); predictor 124.5 ms/round on its thread, 0 layers skipped (still busy)
pcie experts             0.00 distinct experts per layer read over PCIe (share 141/256 of the misses)
prompt  : 248045 846 198 1905 25 2438 2438 2438 2438 2438 2438 2438 2438 2438 2438 2438 2438 2438 2438 2438 2438 2438 2438 2438 2438 2438 2438 2438 2438 2438 2438 2438 2438 2438 2438 2438 2438 2438 2438 2438 2438 2438 2438 2438 2438 2438 2438 2438 2438 2438 2438 2438 2438 2438 2438 2438 2438 2438 2438 2438 2438 2438 2438 2438 2438 2438 2438 2438 2438 2438 2438 2438 2438 2438 2438 2438 2438 2438 2438 2438 2438 2438 2438 2438 2438 2438 2438 2438 2438 2438 2438 2438 2438 2438 2438 2438 2438 2438 2438 2438 2438 2438 2438 2438 2438 2438 2438 2438 2438 2438 2438 2438 2438 2438 2438 2438 2438 2438 2438 2438 2438 2438 2438 2438 2438 2438 2438 2438 2438 2438 2438 2438 2438 2438 2438 2438 2438 2438 2438 2438 2438 2438 2438 2438 2438 2438 2438 2438 2438 2438 2438 2438 2438 2438 2438 2438 2438 2438 2438 2438 2438 2438 2438 2438 2438 2438 2438 2438 2438 2438 2438 2438 2438 2438 2438 2438 2438 2438 2438 2438 2438 2438 2438 2438 2438 2438 2438 2438 2438 2438 2438 2438 2438 2438 2438 2438 2438 2438 2438 2438 2438 2438 2438 2438 2438 2438 2438 2438 2438 2438 2438 2438 2438 2438 2438 2438 2438 2438 2438 2438 2438 2438 2438 2438 2438 2438 2438 2438 2438 2438 2438 2438 2438 2438 2438 2438 2438 2438 2438 2438 2438 2438 2438 2438 2438 2438 2438 2438 2438 2438 2438 2438 2438 2438 2438 2438 2438 2438 2438 2438 2438 2438 2438 2438 2438 2438 2438 2438 2438 2438 2438 2438 2438 2438 2438 2438 2438 2438 2438 2438 2438 2438 2438 2438 2438 2438 2438 2438 2438 2438 2438 2438 2438 2438 2438 2438 2438 2438 2438 2438 2438 2438 2438 2438 2438 2438 2438 2438 2438 2438 2438 2438 2438 2438 2438 2438 2438 2438 2438 2438 2438 2438 2438 2438 2438 2438 2438 2438 2438 2438 2438 2438 2438 2438 2438 2438 2438 2438 2438 2438 2438 2438 2438 2438 2438 2438 2438 2438 2438 2438 2438 2438 2438 2438 2438 2438 2438 2438 2438 2438 2438 2438 2438 2438 2438 2438 2438 2438 2438 2438 2438 2438 2438 2438 2438 2438 2438 2438 2438 2438 2438 2438 2438 2438 2438 2438 2438 2438 2438 2438 2438 2438 2438 2438 2438 2438 2438 2438 2438 2438 2438 2438 2438 2438 2438 2438 2438 2438 2438 2438 2438 2438 2438 2438 2438 2438 2438 2438 2438 2438 2438 2438 2438 2438 2438 2438 2438 2438 2438 2438 2438 2438 2438 2438 2438 2438 2438 2438 2438 2438 2438 2438 2438 2438 2438 2438 2438 2438 2438 2438 2438 2438 2438 2438 2438 2438 2438 2438 2438 2438 2438 2438 2438 2438 2438 2438 2438 2438 2438 2438 2438 2438 2438 2438 2438 2438 2438 2438 2438 2438 2438 2438 695 7734 506 3140 220 17 15 15 4105 24228 1204 264 6165 11036 1928 13 4980 440 279 17128 13 248046 198 248045 74455 198 248068 271 248069 271
output  : 32
decode                   1 tokens in 516.2 ms  ->  1.94 tok/s
prefill                  511 tokens in 14486.0 ms  ->  35.28 tok/s  (time to first token 16818.6 ms)
