speculation              1 rounds of 4, drafts accepted 0 of 0 (0.000), 1.00 tokens per round
suffix drafts            0 windows, drafts accepted 0 of 0
accepted per round       0:1 1:0 2:0 3:0
verify window            wait for rings 37.009  pool 448.464  host 0.214  commit 0.001 ms/round; CPU experts 7.69 distinct / 7.69 routed per layer
pool multi               gate/up 19.758  quantize 0.464  down 10.391 ms/round; 16.9 GB/s over the rows phases; CPU pool call 448.349 ms/round
dispatch                 plan 0.215  activation quantize 0.753  jobs 415.468  run 30.689 ms/round
adaptive tier            0 experts swapped into the VRAM tier (every 4 rounds, 0.000 ms/round)
expert tiers             decode: RAM 0 blobs, files 0 blobs, 510.1 MB read from the files (510.11 MB/round, 495.1 ms/round of reading, 1.03 GB/s per reading thread) (the GGUF in place); prompt copies 11812.6 MB
routing prefetch         369 experts warmed, 270 of the file tier's 0 blob reads had been warmed (0.0%); predictor 147.9 ms/round on its thread, 0 layers skipped (still busy)
pcie experts             0.00 distinct experts per layer read over PCIe (share 141/256 of the misses)
mtp                      nan ms/round drafting (0 rounds), MTP prompt 33.2 ms, 977 MiB of VRAM
prompt  : 248045 846 198 1905 25 2438 2438 2438 2438 2438 2438 2438 2438 2438 2438 2438 2438 2438 2438 2438 2438 2438 2438 2438 2438 2438 2438 2438 2438 2438 2438 2438 2438 2438 2438 2438 2438 2438 2438 2438 2438 2438 2438 2438 2438 2438 2438 2438 2438 2438 2438 2438 2438 2438 2438 2438 2438 2438 2438 2438 2438 2438 2438 2438 2438 2438 2438 2438 2438 2438 2438 2438 2438 2438 2438 2438 2438 2438 2438 2438 2438 2438 2438 2438 2438 2438 2438 2438 2438 2438 2438 2438 2438 2438 2438 2438 2438 2438 2438 2438 2438 2438 2438 2438 2438 2438 2438 2438 2438 2438 2438 2438 2438 2438 2438 2438 2438 2438 2438 2438 2438 2438 2438 2438 2438 2438 2438 2438 2438 2438 2438 2438 2438 2438 2438 2438 2438 2438 2438 2438 2438 2438 2438 2438 2438 2438 2438 2438 2438 2438 2438 2438 2438 2438 2438 2438 2438 2438 2438 2438 2438 2438 2438 2438 2438 2438 2438 2438 2438 2438 2438 2438 2438 2438 2438 2438 2438 2438 2438 2438 2438 2438 2438 2438 2438 2438 2438 2438 2438 2438 2438 2438 2438 2438 2438 2438 2438 2438 2438 2438 2438 2438 2438 2438 2438 2438 2438 2438 2438 2438 2438 2438 2438 2438 2438 2438 2438 2438 2438 2438 2438 2438 2438 2438 2438 2438 2438 2438 2438 2438 2438 2438 2438 2438 2438 2438 2438 2438 2438 2438 2438 2438 2438 2438 2438 2438 2438 2438 2438 2438 2438 2438 2438 2438 2438 2438 2438 2438 2438 2438 2438 2438 2438 2438 2438 2438 2438 2438 2438 2438 2438 2438 2438 2438 2438 2438 2438 2438 2438 2438 2438 2438 2438 2438 2438 2438 2438 2438 2438 2438 2438 2438 2438 2438 2438 2438 2438 2438 2438 2438 2438 2438 2438 2438 2438 2438 2438 2438 2438 2438 2438 2438 2438 2438 2438 2438 2438 2438 2438 2438 2438 2438 2438 2438 2438 2438 2438 2438 2438 2438 2438 2438 2438 2438 2438 2438 2438 2438 2438 2438 2438 2438 2438 2438 2438 2438 2438 2438 2438 2438 2438 2438 2438 2438 2438 2438 2438 2438 2438 2438 2438 2438 2438 2438 2438 2438 2438 2438 2438 2438 2438 2438 2438 2438 2438 2438 2438 2438 2438 2438 2438 2438 2438 2438 2438 2438 2438 2438 2438 2438 2438 2438 2438 2438 2438 2438 2438 2438 2438 2438 2438 2438 2438 2438 2438 2438 2438 2438 2438 2438 2438 2438 2438 2438 2438 2438 2438 2438 2438 2438 2438 2438 2438 2438 2438 2438 2438 2438 2438 2438 2438 2438 2438 2438 2438 2438 2438 2438 2438 2438 2438 2438 2438 2438 2438 2438 2438 2438 2438 2438 2438 2438 2438 2438 2438 2438 2438 2438 2438 2438 2438 2438 2438 2438 2438 2438 2438 2438 2438 2438 2438 2438 2438 2438 2438 2438 2438 2438 2438 2438 2438 2438 695 7734 506 3140 220 17 15 15 4105 24228 1204 264 6165 11036 1928 13 4980 440 279 17128 13 248046 198 248045 74455 198 248068 271 248069 271
output  : 32
decode                   1 tokens in 586.8 ms  ->  1.70 tok/s
prefill                  511 tokens in 14243.7 ms  ->  35.88 tok/s  (time to first token 16271.6 ms)
