speculation              1 rounds of 4, drafts accepted 0 of 0 (0.000), 1.00 tokens per round
suffix drafts            0 windows, drafts accepted 0 of 0
accepted per round       0:1 1:0 2:0 3:0
verify window            wait for rings 45.448  pool 218.588  host 0.047  commit 0.001 ms/round; CPU experts 7.69 distinct / 7.69 routed per layer
pool multi               gate/up 36.436  quantize 0.417  down 9.519 ms/round; 11.1 GB/s over the rows phases; CPU pool call 218.467 ms/round
dispatch                 plan 0.223  activation quantize 4.613  jobs 157.569  run 46.449 ms/round
adaptive tier            0 experts swapped into the VRAM tier (every 4 rounds, 0.000 ms/round)
expert tiers             decode: RAM 0 blobs, files 0 blobs, 510.1 MB read from the files (510.11 MB/round, 94.7 ms/round of reading, 5.38 GB/s per reading thread) (the GGUF in place); prompt copies 11812.6 MB
routing prefetch         369 experts warmed, 270 of the file tier's 0 blob reads had been warmed (0.0%); predictor 79.0 ms/round on its thread, 0 layers skipped (still busy)
pcie experts             0.00 distinct experts per layer read over PCIe (share 141/256 of the misses)
mtp                      nan ms/round drafting (0 rounds), MTP prompt 17.7 ms, 977 MiB of VRAM
prompt  : 248045 846 198 1905 25 2438 2438 2438 2438 2438 2438 2438 2438 2438 2438 2438 2438 2438 2438 2438 2438 2438 2438 2438 2438 2438 2438 2438 2438 2438 2438 2438 2438 2438 2438 2438 2438 2438 2438 2438 2438 2438 2438 2438 2438 2438 2438 2438 2438 2438 2438 2438 2438 2438 2438 2438 2438 2438 2438 2438 2438 2438 2438 2438 2438 2438 2438 2438 2438 2438 2438 2438 2438 2438 2438 2438 2438 2438 2438 2438 2438 2438 2438 2438 2438 2438 2438 2438 2438 2438 2438 2438 2438 2438 2438 2438 2438 2438 2438 2438 2438 2438 2438 2438 2438 2438 2438 2438 2438 2438 2438 2438 2438 2438 2438 2438 2438 2438 2438 2438 2438 2438 2438 2438 2438 2438 2438 2438 2438 2438 2438 2438 2438 2438 2438 2438 2438 2438 2438 2438 2438 2438 2438 2438 2438 2438 2438 2438 2438 2438 2438 2438 2438 2438 2438 2438 2438 2438 2438 2438 2438 2438 2438 2438 2438 2438 2438 2438 2438 2438 2438 2438 2438 2438 2438 2438 2438 2438 2438 2438 2438 2438 2438 2438 2438 2438 2438 2438 2438 2438 2438 2438 2438 2438 2438 2438 2438 2438 2438 2438 2438 2438 2438 2438 2438 2438 2438 2438 2438 2438 2438 2438 2438 2438 2438 2438 2438 2438 2438 2438 2438 2438 2438 2438 2438 2438 2438 2438 2438 2438 2438 2438 2438 2438 2438 2438 2438 2438 2438 2438 2438 2438 2438 2438 2438 2438 2438 2438 2438 2438 2438 2438 2438 2438 2438 2438 2438 2438 2438 2438 2438 2438 2438 2438 2438 2438 2438 2438 2438 2438 2438 2438 2438 2438 2438 2438 2438 2438 2438 2438 2438 2438 2438 2438 2438 2438 2438 2438 2438 2438 2438 2438 2438 2438 2438 2438 2438 2438 2438 2438 2438 2438 2438 2438 2438 2438 2438 2438 2438 2438 2438 2438 2438 2438 2438 2438 2438 2438 2438 2438 2438 2438 2438 2438 2438 2438 2438 2438 2438 2438 2438 2438 2438 2438 2438 2438 2438 2438 2438 2438 2438 2438 2438 2438 2438 2438 2438 2438 2438 2438 2438 2438 2438 2438 2438 2438 2438 2438 2438 2438 2438 2438 2438 2438 2438 2438 2438 2438 2438 2438 2438 2438 2438 2438 2438 2438 2438 2438 2438 2438 2438 2438 2438 2438 2438 2438 2438 2438 2438 2438 2438 2438 2438 2438 2438 2438 2438 2438 2438 2438 2438 2438 2438 2438 2438 2438 2438 2438 2438 2438 2438 2438 2438 2438 2438 2438 2438 2438 2438 2438 2438 2438 2438 2438 2438 2438 2438 2438 2438 2438 2438 2438 2438 2438 2438 2438 2438 2438 2438 2438 2438 2438 2438 2438 2438 2438 2438 2438 2438 2438 2438 2438 2438 2438 2438 2438 2438 2438 2438 2438 2438 2438 2438 2438 2438 2438 2438 2438 2438 2438 2438 2438 2438 2438 2438 2438 2438 2438 2438 2438 2438 2438 695 7734 506 3140 220 17 15 15 4105 24228 1204 264 6165 11036 1928 13 4980 440 279 17128 13 248046 198 248045 74455 198 248068 271 248069 271
output  : 32
decode                   1 tokens in 353.0 ms  ->  2.83 tok/s
prefill                  511 tokens in 12557.9 ms  ->  40.69 tok/s  (time to first token 14791.4 ms)
