speculation              1 rounds of 6, drafts accepted 0 of 0 (0.000), 1.00 tokens per round
suffix drafts            0 windows, drafts accepted 0 of 0
accepted per round       0:1 1:0 2:0 3:0 4:0 5:0
verify window            wait for rings 45.523  pool 214.638  host 0.181  commit 0.001 ms/round; CPU experts 1.71 distinct / 1.71 routed per layer
pool multi               gate/up 176.353  quantize 0.565  down 157.360 ms/round; 1.1 GB/s over the rows phases; CPU pool call 214.589 ms/round
dispatch                 plan 125.180  activation quantize 2.352  jobs 1.306  run 26.481 ms/round
adaptive tier            0 experts swapped into the VRAM tier (every 4 rounds, 0.000 ms/round)
expert tiers             decode: RAM 0 blobs, files 0 blobs, 0.0 MB read from the files (0.00 MB/round, 0.0 ms/round of reading, 0.00 GB/s per reading thread); prompt copies 21406.3 MB
io path                  file reads: page cache held 159.1 MB, not 33.7 MB (mincore at the read); io prefetch on: 18 read ahead, 4 used, 11 unused, 140 skipped (cached), 0 dropped; pread 33.4 MB in 18 calls (4.89 ms each); decode waited 0.0 ms/round in the fetches
routing prefetch         165 experts warmed, 0 of the file tier's 0 blob reads had been warmed (0.0%); predictor 198.5 ms/round on its thread, 8 layers skipped (still busy)
pcie experts             0.00 distinct experts per layer read over PCIe (share 141/256 of the misses)
prompt  : 248045 846 198 1905 25 2438 2438 2438 2438 2438 2438 2438 2438 2438 2438 2438 2438 2438 2438 2438 2438 2438 2438 2438 2438 2438 2438 2438 2438 2438 2438 2438 2438 2438 2438 2438 2438 2438 2438 2438 2438 2438 2438 2438 2438 2438 2438 2438 2438 2438 2438 2438 2438 2438 2438 2438 2438 2438 2438 2438 2438 2438 2438 2438 2438 2438 2438 2438 2438 2438 2438 2438 2438 2438 2438 2438 2438 2438 2438 2438 2438 2438 2438 2438 2438 2438 2438 2438 2438 2438 2438 2438 2438 2438 2438 2438 2438 2438 2438 2438 2438 2438 2438 2438 2438 2438 2438 2438 2438 2438 2438 2438 2438 2438 2438 2438 2438 2438 2438 2438 2438 2438 2438 2438 2438 2438 2438 2438 2438 2438 2438 2438 2438 2438 2438 2438 2438 2438 2438 2438 2438 2438 2438 2438 2438 2438 2438 2438 2438 2438 2438 2438 2438 2438 2438 2438 2438 2438 2438 2438 2438 2438 2438 2438 2438 2438 2438 2438 2438 2438 2438 2438 2438 2438 2438 2438 2438 2438 2438 2438 2438 2438 2438 2438 2438 2438 2438 2438 2438 2438 2438 2438 2438 2438 2438 2438 2438 2438 2438 2438 2438 2438 2438 2438 2438 2438 2438 2438 2438 2438 2438 2438 2438 2438 2438 2438 2438 2438 2438 2438 2438 2438 2438 2438 2438 2438 2438 2438 2438 2438 2438 2438 2438 2438 2438 2438 2438 2438 2438 2438 2438 2438 2438 2438 2438 2438 2438 2438 2438 2438 2438 2438 2438 2438 2438 2438 2438 2438 2438 2438 2438 2438 2438 2438 2438 2438 2438 2438 2438 2438 2438 2438 2438 2438 2438 2438 2438 2438 2438 2438 2438 2438 2438 2438 2438 2438 2438 2438 2438 2438 2438 2438 2438 2438 2438 2438 2438 2438 2438 2438 2438 2438 2438 2438 2438 2438 2438 2438 2438 2438 2438 2438 2438 2438 2438 2438 2438 2438 2438 2438 2438 2438 2438 2438 2438 2438 2438 2438 2438 2438 2438 2438 2438 2438 2438 2438 2438 2438 2438 2438 2438 2438 2438 2438 2438 2438 2438 2438 2438 2438 2438 2438 2438 2438 2438 2438 2438 2438 2438 2438 2438 2438 2438 2438 2438 2438 2438 2438 2438 2438 2438 2438 2438 2438 2438 2438 2438 2438 2438 2438 2438 2438 2438 2438 2438 2438 2438 2438 2438 2438 2438 2438 2438 2438 2438 2438 2438 2438 2438 2438 2438 2438 2438 2438 2438 2438 2438 2438 2438 2438 2438 2438 2438 2438 2438 2438 2438 2438 2438 2438 2438 2438 2438 2438 2438 2438 2438 2438 2438 2438 2438 2438 2438 2438 2438 2438 2438 2438 2438 2438 2438 2438 2438 2438 2438 2438 2438 2438 2438 2438 2438 2438 2438 2438 2438 2438 2438 2438 2438 2438 2438 2438 2438 2438 2438 2438 2438 2438 2438 2438 2438 2438 2438 2438 2438 2438 2438 2438 2438 2438 2438 2438 695 7734 506 3140 220 17 15 15 4105 24228 1204 264 6165 11036 1928 13 4980 440 279 17128 13 248046 198 248045 74455 198 248068 271 248069 271
output  : 32
decode                   1 tokens in 486.4 ms  ->  2.06 tok/s
prefill                  511 tokens in 9618.1 ms  ->  53.13 tok/s  (time to first token 20676.5 ms)
